40 35
100 100 100 100 100 100 100 100 100 100 100 100 100 100 100 100 2 2 1 1 1 1 1 2 2 2 100 100 100 100 100 100 100 100 100
2 2 2 100 100 100 100 100 100 100 100 100 100 100 100 100 2 2 1 1 1 1 1 2 2 2 100 100 100 100 100 100 100 100 100
100 2 2 2 2 100 100 100 100 100 100 100 100 100 100 2 2 2 1 1 1 1 1 2 2 2 2 100 100 100 2 2 2 2 2
100 2 2 2 2 100 100 100 100 100 100 100 100 100 2 2 2 2 1 1 1 1 2 2 2 2 2 2 2 2 2 2 2 2 2
100 2 2 2 2 100 100 100 100 2 2 2 2 2 2 2 2 1 1 1 1 1 2 2 2 2 2 2 2 2 2 2 2 2 2
100 2 2 2 2 2 100 100 2 2 2 2 2 2 2 2 1 1 1 1 1 2 2 2 2 2 2 2 2 2 2 100 100 100 100
100 2 2 2 2 2 100 100 2 2 2 2 2 1 1 1 1 1 1 1 2 2 2 2 2 2 2 2 2 2 2 100 100 100 100
100 2 2 2 2 2 100 100 2 2 2 2 1 1 1 1 1 1 1 2 2 2 2 2 2 2 2 2 2 100 100 100 100 100 100
100 2 2 2 2 2 100 2 2 2 2 2 1 1 1 1 1 1 1 2 2 2 2 2 2 2 2 2 2 100 100 100 100 100 100
100 100 2 2 2 2 2 2 2 2 2 2 1 1 1 1 1 1 1 1 2 2 2 2 2 2 2 2 2 100 100 100 100 100 100
100 100 100 100 2 2 2 2 2 2 2 2 2 2 1 1 1 1 1 1 2 2 2 2 2 2 2 2 2 100 100 100 100 100 100
100 100 100 100 2 2 2 2 2 2 2 2 2 2 1 1 1 1 1 1 2 2 2 2 2 2 2 2 2 100 100 100 2 2 2
100 100 100 100 100 2 2 2 2 2 1 1 2 2 1 1 1 1 1 2 2 2 2 2 2 2 2 2 2 100 100 2 2 2 2
100 100 100 100 100 2 2 2 2 2 1 1 2 2 1 1 1 1 1 2 2 2 2 2 2 2 2 2 2 100 100 2 2 2 2
100 100 100 100 100 100 2 2 2 1 1 1 2 2 2 1 1 1 1 2 2 1 1 1 1 2 2 2 2 100 2 2 2 2 2
100 100 100 100 100 100 2 2 2 1 1 1 2 2 2 1 1 1 1 1 1 1 1 1 1 2 2 2 2 2 2 2 2 2 2
100 100 100 100 100 100 2 2 2 1 1 1 1 2 2 1 1 1 1 1 1 1 1 1 1 1 1 2 2 2 2 2 2 2 2
100 100 100 100 2 2 2 2 2 2 2 1 1 2 2 1 1 1 1 1 1 1 1 1 1 1 1 1 1 1 1 1 1 1 1
100 100 100 100 2 2 2 2 2 2 2 1 1 2 2 1 1 1 1 1 1 1 1 1 1 1 1 1 1 1 1 1 1 1 1
100 100 100 2 2 2 2 2 2 2 2 1 1 2 2 1 1 1 1 1 1 1 1 1 1 1 1 1 1 1 1 1 1 1 1
100 100 100 2 2 2 2 2 2 2 1 1 1 2 2 1 1 1 1 1 1 1 1 1 1 1 1 1 1 1 1 1 1 1 1
100 100 100 2 1 1 1 1 1 1 1 1 1 2 2 1 1 1 1 1 1 1 1 1 1 1 1 1 1 1 1 1 1 1 1
100 100 100 2 1 1 1 1 1 1 1 1 1 2 2 1 1 1 1 1 1 1 1 1 1 1 1 1 1 1 1 1 1 2 2
100 100 2 2 2 1 1 2 2 2 2 2 2 2 2 1 1 1 1 1 1 2 2 1 1 1 1 1 1 1 1 1 1 2 2
100 100 2 2 2 1 1 2 2 2 2 2 2 2 2 1 1 1 1 1 1 2 2 1 1 1 1 1 1 1 1 1 2 2 2
100 2 2 2 2 1 1 2 2 2 2 1 1 1 1 1 1 1 1 1 1 2 2 2 2 2 1 1 1 1 1 1 2 2 2
100 2 2 2 2 1 1 2 2 2 1 1 1 1 1 1 1 1 1 1 1 2 2 2 2 2 2 2 2 2 2 2 2 2 2
100 2 2 2 2 1 1 1 2 2 1 1 1 1 1 1 1 1 1 1 1 2 2 2 2 2 2 2 2 2 2 2 2 2 2
100 2 2 2 2 2 1 1 2 2 1 1 1 1 1 1 1 1 1 1 2 2 2 2 2 2 2 2 100 100 100 100 2 2 2
100 100 100 2 2 2 2 2 2 2 1 1 1 1 1 1 1 1 1 1 2 2 2 2 2 2 2 2 100 100 100 100 2 2 2
100 100 100 2 2 2 2 2 2 2 1 1 1 1 1 1 1 1 1 1 2 2 2 2 1 1 2 2 2 100 100 100 100 100 100
100 100 2 2 2 2 2 2 2 2 2 1 1 1 1 1 1 1 1 1 1 2 2 2 1 1 2 2 2 2 100 100 100 100 100
100 100 2 2 2 2 2 2 2 2 2 2 1 1 1 1 1 1 1 1 1 2 2 2 2 2 2 2 2 2 100 100 100 100 100
100 100 2 2 2 2 2 2 2 2 2 2 1 1 1 1 1 1 1 2 2 2 2 2 2 2 2 2 2 2 2 100 100 100 100
100 100 2 2 2 2 2 100 100 2 2 2 1 1 1 1 1 1 1 2 2 2 2 2 2 2 2 2 2 2 2 2 100 100 100
100 2 2 2 2 2 2 100 100 2 2 2 2 1 1 1 1 1 2 2 2 2 2 2 2 2 2 2 2 2 2 2 100 100 100
100 2 2 2 2 2 100 100 100 2 2 2 2 2 2 1 1 1 2 2 2 2 100 100 100 100 2 2 2 2 2 2 2 2 2
100 2 2 2 2 2 100 100 100 100 2 2 2 2 2 1 1 1 1 2 2 2 100 100 100 100 100 2 2 2 2 2 2 2 2
100 2 2 2 100 100 100 100 100 100 100 100 100 2 2 2 2 1 1 2 2 2 2 2 100 100 100 100 100 100 2 2 2 2 2
100 2 100 100 100 100 100 100 100 100 100 100 100 2 2 2 2 1 1 1 2 2 2 2 100 100 100 100 100 100 2 2 2 2 2
0 1
34 39
