40 35
1 1 1 1 1 1 1 1 1 1 1 1 1 1 1 1 1 1 1 1 1 1 1 1 1 1 1 1 1 1 1 1 1 100 100
1 1 1 1 1 1 1 1 1 1 1 1 1 1 1 1 1 1 1 1 1 1 1 1 1 1 1 1 1 1 1 100 100 100 100
100 100 100 100 100 100 100 100 100 100 100 100 100 100 100 100 100 100 100 100 100 100 100 100 100 100 100 100 100 100 100 100 100 100 100
1 100 100 100 100 100 100 100 100 100 100 100 1 1 1 1 1 1 1 100 100 1 1 1 1 1 1 1 1 1 1 1 1 1 1
100 100 100 100 100 100 100 100 100 100 100 100 1 1 1 1 1 1 1 100 100 1 1 1 1 1 1 1 1 1 1 100 100 100 100
1 100 100 100 100 100 100 2 2 100 100 100 1 1 1 1 1 1 1 100 100 100 100 100 100 100 1 1 1 1 1 100 100 100 1
1 1 100 100 100 2 2 2 2 100 100 100 100 1 1 1 1 1 1 1 100 100 100 100 100 100 1 1 1 1 1 100 100 1 1
1 1 100 100 100 2 2 2 2 2 100 100 100 1 1 1 1 1 1 1 100 100 100 1 1 1 1 1 1 1 1 100 100 1 1
1 1 100 100 100 2 2 2 2 2 100 100 100 100 1 1 1 100 100 100 100 1 1 1 1 1 1 1 1 1 1 100 100 1 1
1 1 100 100 100 2 2 2 2 2 2 100 100 100 1 1 1 100 100 100 100 1 1 1 1 1 1 1 1 1 1 1 100 1 1
1 1 100 100 100 2 2 2 2 2 2 100 100 100 100 100 100 100 100 100 100 100 100 100 1 1 1 1 1 1 1 1 100 1 1
1 1 100 100 100 100 2 2 2 2 2 2 100 100 100 100 100 100 100 100 100 100 100 100 1 1 1 1 1 1 1 1 100 1 1
1 1 100 100 100 100 2 2 2 2 2 2 100 100 100 100 1 1 1 1 1 1 1 1 1 1 1 1 1 1 1 1 100 1 1
1 1 100 100 100 100 100 100 2 2 2 2 100 100 100 100 1 1 1 1 1 1 1 1 1 1 1 1 1 1 1 1 100 1 1
1 1 100 1 1 1 100 100 100 100 100 100 100 100 100 100 100 1 1 1 1 1 1 1 1 1 1 1 1 1 1 1 100 1 1
1 1 100 1 1 1 100 100 100 100 100 100 100 1 1 100 100 1 1 1 1 1 1 1 1 1 1 1 1 1 1 1 100 1 1
1 1 100 1 1 1 100 100 100 100 100 100 1 1 1 100 100 100 100 100 1 1 1 1 1 1 1 1 1 1 1 1 100 1 1
1 1 100 1 1 1 1 1 100 100 100 100 1 1 1 1 100 100 100 100 1 1 1 1 1 1 1 1 2 2 2 1 100 1 1
1 1 100 1 1 1 1 1 100 100 1 1 1 1 1 1 100 100 100 100 100 1 1 1 1 1 1 2 2 2 2 1 100 1 1
1 1 100 1 1 1 1 100 100 100 1 1 1 1 1 1 1 1 100 100 100 1 1 1 1 1 2 2 2 1 1 1 100 1 1
1 1 100 1 1 1 1 100 100 100 1 1 1 1 1 1 1 1 100 100 100 1 1 1 1 2 2 2 1 1 1 1 100 1 1
1 1 100 100 1 1 1 100 100 100 1 1 1 1 1 1 1 1 100 100 100 1 1 1 2 2 2 2 1 1 1 1 100 1 1
1 1 100 100 1 1 1 100 100 1 1 1 1 1 1 1 1 1 100 100 100 1 1 1 2 2 1 1 1 1 1 1 100 1 1
1 1 100 100 100 100 1 1 1 1 1 1 1 1 1 1 1 1 1 1 1 1 1 1 1 1 1 1 1 1 1 1 100 1 1
1 1 100 100 100 100 1 1 1 1 1 1 1 1 1 1 1 1 1 1 1 1 1 1 1 1 1 1 1 1 1 1 100 1 1
1 1 100 100 100 100 1 1 1 1 1 1 1 1 1 1 1 1 1 1 1 1 1 1 1 1 1 1 1 1 1 1 100 1 1
1 1 100 100 100 100 100 100 100 1 1 1 1 1 1 1 1 1 1 1 1 1 1 1 1 1 1 1 1 1 1 1 100 1 1
1 1 100 100 100 100 100 100 100 100 1 1 1 1 1 1 1 1 1 1 1 1 1 1 1 1 1 1 1 1 1 100 100 1 1
1 1 100 1 1 1 1 1 1 1 1 1 1 1 1 1 1 1 1 1 1 1 1 1 1 1 1 1 1 1 1 100 100 1 1
1 1 100 1 1 1 1 1 1 1 1 1 1 1 1 1 1 1 1 1 1 1 1 1 1 1 1 1 1 1 1 100 100 1 1
1 1 100 1 1 1 1 1 1 1 1 1 1 1 1 1 1 1 1 1 1 1 1 1 1 1 1 1 1 1 1 100 100 1 1
1 1 100 1 1 1 1 2 2 2 2 1 1 1 1 1 1 1 1 1 1 1 1 1 1 1 1 1 1 1 100 100 100 1 1
1 1 100 1 1 1 1 2 2 2 1 1 1 1 1 1 1 1 1 1 1 1 1 1 1 1 1 1 100 100 100 100 100 100 1
1 1 100 1 1 1 1 2 2 1 1 1 1 1 1 1 1 1 1 1 100 100 1 1 1 1 1 100 100 100 100 100 100 100 1
1 100 100 1 1 1 1 1 1 1 1 1 1 1 1 1 1 1 1 1 100 100 1 1 1 1 1 1 1 1 1 1 100 100 1
100 100 100 1 1 1 1 1 1 1 1 1 1 1 1 1 1 1 1 1 100 100 100 100 100 1 1 1 1 1 1 1 100 100 100
1 1 1 1 1 1 1 1 1 1 1 1 1 1 1 1 1 1 1 1 100 100 100 100 100 100 100 100 1 1 1 1 1 1 1
100 100 100 100 100 100 100 100 100 100 100 100 100 100 100 100 100 100 100 100 100 100 100 100 100 100 100 100 100 100 100 100 100 100 100
1 1 1 1 1 1 1 1 1 1 1 1 1 1 1 1 1 1 1 1 1 1 1 1 1 1 1 1 1 1 1 1 1 100 100
1 1 1 1 1 1 1 1 1 1 1 1 1 1 1 1 1 1 1 1 1 1 1 1 1 1 1 1 1 1 1 1 1 100 100
34 36
34 3
