40 35
1 1 1 1 1 1 1 3 3 3 3 1 1 1 1 1 100 100 100 1 1 1 1 1 1 1 1 1 1 1 1 1 1 1 1
1 1 1 1 1 1 1 3 3 3 3 3 1 1 1 1 100 100 100 1 1 1 1 1 1 1 1 1 1 1 1 1 1 1 1
1 1 1 1 1 1 1 3 3 3 3 3 3 3 3 3 100 100 100 1 1 1 1 1 1 1 1 1 1 1 1 1 1 1 1
1 1 1 1 1 1 1 1 1 3 3 3 3 3 3 3 100 100 100 1 1 1 1 1 1 1 1 3 3 1 1 1 1 1 1
1 1 1 1 1 1 1 1 1 1 1 1 3 3 3 3 100 100 100 1 1 3 3 1 1 1 1 3 3 1 1 1 1 1 1
1 1 1 1 1 1 1 1 1 1 1 1 3 3 3 3 5 5 5 3 3 3 3 1 1 1 3 3 3 3 1 1 1 1 1
1 1 1 1 1 1 1 1 1 1 1 1 3 3 3 3 5 5 5 3 3 3 1 1 1 3 3 3 3 3 3 1 1 1 1
1 1 1 1 1 1 1 1 1 1 1 1 3 3 4 4 5 5 5 4 4 3 1 1 1 3 3 3 3 3 3 1 1 1 1
1 1 1 1 1 1 1 1 1 1 1 1 3 3 4 4 101 101 101 4 4 3 1 1 1 1 1 3 3 1 1 1 1 1 1
1 1 1 1 1 1 1 1 1 1 1 1 1 3 4 4 101 101 101 4 4 3 1 1 1 1 1 3 3 1 1 1 1 1 1
1 1 1 1 1 1 1 1 1 1 1 1 1 3 4 4 5 5 5 4 4 3 1 1 1 1 1 3 3 1 1 1 1 1 1
1 1 1 1 1 1 1 1 1 1 1 1 1 3 3 3 5 5 5 4 4 3 1 1 1 1 1 3 3 1 1 1 1 1 1
1 1 1 1 1 1 1 1 1 1 1 1 1 3 3 3 5 5 5 4 4 3 3 1 1 1 1 3 3 1 1 1 1 1 1
1 1 1 1 1 1 1 1 1 1 1 1 1 1 3 3 100 100 100 4 4 3 3 1 1 1 1 1 1 1 1 1 1 1 1
1 1 1 1 1 1 1 1 1 1 1 1 1 3 3 3 100 100 100 4 4 1 1 1 1 1 1 1 1 1 1 1 1 1 1
1 1 1 1 1 1 1 1 1 1 1 1 1 3 3 1 100 100 100 1 1 1 1 1 1 1 1 1 1 1 1 1 1 1 1
1 1 1 1 1 1 1 1 1 1 1 3 3 3 1 1 100 100 100 1 1 1 1 1 1 1 1 1 1 1 1 1 1 1 1
1 1 1 1 1 1 1 1 1 1 1 3 3 3 1 1 100 100 100 1 1 1 1 1 1 1 1 1 1 1 1 1 1 1 1
100 100 100 100 100 100 100 100 100 100 100 100 100 100 100 100 100 100 100 100 100 100 100 100 100 100 100 100 100 100 100 100 100 100 100
100 100 100 100 100 100 100 100 100 100 100 100 100 100 100 100 100 100 100 100 100 100 100 100 100 100 100 100 100 100 100 100 100 100 100
100 100 100 100 100 100 100 100 100 100 100 100 100 100 100 100 100 100 100 100 100 100 100 100 100 100 100 100 100 100 100 100 100 100 100
100 100 100 100 100 100 100 100 100 100 100 100 100 100 100 100 100 100 100 100 100 100 100 100 100 100 100 100 100 100 100 100 100 100 100
1 1 1 1 1 1 1 1 1 1 1 3 3 1 1 1 100 100 100 1 1 1 3 3 3 1 1 1 1 1 1 1 1 1 1
1 1 1 1 1 1 1 1 1 1 1 3 3 1 1 1 100 100 100 1 1 3 3 3 3 1 1 1 1 1 1 1 1 1 1
1 1 1 3 3 1 1 1 1 1 3 3 3 1 1 1 100 100 100 1 3 3 3 1 1 1 1 1 1 1 1 1 1 1 1
1 1 1 3 3 3 1 1 1 1 3 3 3 1 1 1 100 100 100 3 3 3 1 1 1 1 1 1 1 1 1 1 1 1 1
1 1 1 1 3 3 1 1 3 3 3 3 3 3 1 1 100 100 100 3 3 3 1 1 1 1 1 1 3 3 1 1 1 1 1
1 1 1 1 1 3 3 3 3 3 1 1 3 3 3 3 4 4 4 3 3 3 1 1 1 1 1 3 3 3 1 1 1 1 1
1 1 1 1 1 3 3 3 3 1 1 1 3 3 3 3 4 4 4 3 3 3 1 1 1 1 1 3 3 3 1 1 1 1 1
1 1 1 1 3 3 3 1 1 1 1 1 1 1 3 3 4 4 4 3 3 1 1 1 1 1 1 1 3 3 1 1 1 1 1
1 1 1 1 3 3 1 1 1 1 1 1 1 1 3 3 101 101 101 3 3 1 1 1 1 1 1 1 3 3 1 1 1 1 1
1 1 1 1 1 1 1 1 1 1 1 1 1 1 3 3 101 101 101 3 3 1 1 1 1 1 1 1 1 1 1 1 1 1 1
1 1 1 1 1 1 1 1 1 1 1 1 3 3 3 3 4 4 4 3 3 3 3 1 1 1 1 1 1 1 1 1 1 1 1
1 1 1 1 1 1 1 1 1 1 1 3 3 3 3 3 4 4 4 3 3 3 3 3 3 1 1 1 1 1 1 1 1 1 1
1 1 1 1 1 1 1 1 1 1 3 3 3 3 3 3 4 4 4 3 3 3 3 3 3 1 1 1 1 1 1 1 1 1 1
1 1 1 1 1 1 1 1 1 1 3 3 1 3 3 3 100 100 100 3 3 3 1 1 3 3 3 1 1 1 1 1 1 1 1
1 1 1 1 1 1 1 1 1 1 1 1 1 1 3 3 100 100 100 3 1 1 1 1 3 3 3 3 1 1 1 1 1 1 1
1 1 1 1 1 1 1 1 1 1 1 1 1 1 1 1 100 100 100 1 1 1 1 1 1 1 3 3 3 1 1 1 1 1 1
1 1 1 1 1 1 1 1 1 1 1 1 1 1 1 1 100 100 100 1 1 1 1 1 1 1 1 1 1 1 1 1 1 1 1
1 1 1 1 1 1 1 1 1 1 1 1 1 1 1 1 100 100 100 1 1 1 1 1 1 1 1 1 1 1 1 1 1 1 1
34 22
0 39
