40 35
100 100 100 100 100 100 100 100 100 100 100 100 100 100 100 100 3 3 1 1 1 1 1 1 1 1 1 1 1 1 1 1 1 1 1
3 3 3 100 100 100 100 100 100 100 100 100 100 100 100 100 3 3 1 1 1 1 1 1 1 1 1 1 1 1 1 1 1 1 1
100 3 3 3 3 100 100 100 100 100 100 100 100 100 100 3 3 3 1 1 1 1 1 1 1 1 1 1 1 1 1 1 1 1 1
100 3 3 3 3 100 100 100 100 100 100 100 100 100 3 3 3 3 1 1 1 1 1 1 1 1 1 1 1 1 1 1 1 1 1
100 3 3 3 3 100 100 100 100 3 3 3 3 3 3 3 3 1 1 1 1 1 1 1 1 1 1 1 1 1 1 1 1 1 1
100 3 3 3 3 3 100 100 3 3 3 3 3 3 3 3 1 1 1 1 1 1 1 1 1 1 1 1 1 1 1 1 1 1 1
100 3 3 3 3 3 100 100 3 3 3 3 3 1 1 1 1 1 1 1 1 1 1 1 1 1 1 1 1 1 1 1 1 1 1
100 3 3 3 3 3 100 100 3 3 3 3 1 1 1 1 1 1 1 1 1 1 1 1 1 1 1 1 1 1 1 1 1 1 1
100 3 3 3 3 3 100 3 3 3 3 3 1 1 1 1 1 1 1 1 1 1 1 1 1 1 1 1 1 1 1 1 1 1 1
100 100 3 3 3 3 3 3 3 3 3 3 1 1 1 1 1 1 1 1 1 1 1 1 1 1 1 1 1 1 1 1 1 1 1
100 100 100 100 3 3 3 3 3 3 3 3 3 3 1 1 1 1 1 1 1 1 1 1 1 1 1 1 1 1 1 1 1 1 1
100 100 100 100 3 3 3 3 3 3 3 3 3 3 1 1 1 1 1 1 1 1 1 1 1 1 1 1 1 1 1 1 1 1 1
100 100 100 100 100 3 3 3 3 3 100 100 3 3 1 1 1 1 1 1 1 1 1 1 1 1 1 1 1 1 1 1 1 1 1
100 100 100 100 100 3 3 3 3 3 100 100 3 3 1 1 1 1 1 1 1 1 1 1 1 1 1 1 1 1 1 1 1 1 1
100 100 100 100 100 100 3 3 3 100 100 100 3 3 3 1 1 1 1 1 1 1 1 1 1 1 1 1 1 1 1 1 1 1 1
100 100 100 100 100 100 3 3 3 100 100 100 3 3 3 1 1 1 1 1 1 1 1 1 1 1 1 1 1 1 1 1 1 1 1
100 100 100 100 100 100 3 3 3 100 100 100 100 3 3 1 1 1 1 1 1 1 1 1 1 1 1 1 1 1 1 1 1 1 1
100 100 100 100 3 3 3 3 3 3 3 100 100 3 3 1 1 1 1 1 1 1 1 1 1 1 1 1 1 1 1 1 1 1 1
100 100 100 100 3 3 3 3 3 3 3 100 100 3 3 1 1 1 1 1 1 1 1 1 1 1 1 1 1 1 1 1 1 1 1
100 100 100 3 3 3 3 3 3 3 3 100 100 3 3 1 1 1 1 1 1 1 1 1 1 1 1 1 1 1 1 1 1 1 1
100 100 100 3 3 3 3 3 3 3 100 100 100 3 3 1 1 1 1 1 1 1 1 1 1 1 1 1 1 1 1 1 1 1 1
100 100 100 3 100 100 100 100 100 100 100 100 100 3 3 1 1 1 1 1 1 1 1 1 1 1 1 1 1 1 1 1 1 1 1
100 100 100 3 100 100 100 100 100 100 100 100 100 3 3 1 1 1 1 1 1 1 1 1 1 1 1 1 1 1 1 1 1 1 1
100 100 3 3 3 100 100 3 3 3 3 3 3 3 3 1 1 1 1 1 1 1 1 1 1 1 1 1 1 1 1 1 1 1 1
100 100 3 3 3 100 100 3 3 3 3 3 3 3 3 1 1 1 1 1 1 1 1 1 1 1 1 1 1 1 1 1 1 1 1
100 3 3 3 3 100 100 3 3 3 3 1 1 1 1 1 1 1 1 1 1 1 1 1 1 1 1 1 1 1 1 1 1 1 1
100 3 3 3 3 100 100 3 3 3 1 1 1 1 1 1 1 1 1 1 1 1 1 1 1 1 1 1 1 1 1 1 1 1 1
100 3 3 3 3 100 100 100 3 3 1 1 1 1 1 1 1 1 1 1 1 1 1 1 1 1 1 1 1 1 1 1 1 1 1
100 3 3 3 3 3 100 100 3 3 1 1 1 1 1 1 1 1 1 1 1 1 1 1 1 1 1 1 1 1 1 1 1 1 1
100 100 100 3 3 3 3 3 3 3 1 1 1 1 1 1 1 1 1 1 1 1 1 1 1 1 1 1 1 1 1 1 1 1 1
100 100 100 3 3 3 3 3 3 3 1 1 1 1 1 1 1 1 1 1 1 1 1 1 100 100 1 1 1 1 1 1 1 1 1
100 100 3 3 3 3 3 3 3 3 3 1 1 1 1 1 1 1 1 1 1 1 1 1 100 100 1 1 1 1 1 1 1 1 1
100 100 3 3 3 3 3 3 3 3 3 3 1 1 1 1 1 1 1 1 1 1 1 1 1 1 1 1 1 1 1 1 1 1 1
100 100 3 3 3 3 3 3 3 3 3 3 1 1 1 1 1 1 1 1 1 1 1 1 1 1 1 1 1 1 1 1 1 1 1
100 100 3 3 3 3 3 100 100 3 3 3 1 1 1 1 1 1 1 1 1 1 1 1 1 1 1 1 1 1 1 1 1 1 1
100 3 3 3 3 3 3 100 100 3 3 3 3 1 1 1 1 1 1 1 1 1 1 1 1 1 1 1 1 1 1 1 1 1 1
100 3 3 3 3 3 100 100 100 3 3 3 3 3 3 1 1 1 1 1 1 1 1 1 1 1 1 1 1 1 1 1 1 1 1
100 3 3 3 3 3 100 100 100 100 3 3 3 3 3 1 1 1 1 1 1 1 1 1 1 1 1 1 1 1 1 1 1 1 1
100 3 3 3 100 100 100 100 100 100 100 100 100 3 3 3 3 1 1 1 1 1 1 1 1 1 1 1 1 1 1 1 1 1 1
100 3 100 100 100 100 100 100 100 100 100 100 100 3 3 3 3 1 1 1 1 1 1 1 1 1 1 1 1 1 1 1 1 1 1
1 39
34 0
