40 35
1 1 1 1 1 1 2 2 2 2 2 2 1 1 1 1 1 100 100 100 100 100 100 2 2 2 100 100 100 100 100 100 100 100 100
1 1 1 1 1 1 2 2 2 2 2 2 1 1 1 2 2 2 2 2 100 100 100 2 2 2 100 100 100 100 100 100 100 100 100
1 1 1 2 2 2 2 2 2 2 2 2 2 2 2 2 2 2 2 2 2 2 2 2 2 2 100 100 100 100 100 100 100 100 100
1 1 2 2 2 2 2 2 2 2 2 2 2 2 2 2 2 2 2 2 2 2 2 2 2 2 2 2 100 100 100 100 100 2 2
1 1 2 2 2 2 1 1 1 1 1 1 2 2 2 1 1 1 1 1 2 2 2 2 2 2 2 2 100 100 100 100 2 2 2
2 2 2 2 2 1 1 1 1 1 1 1 1 1 1 1 1 1 1 1 1 1 1 1 1 2 2 2 2 2 2 2 2 2 2
2 2 2 1 1 1 1 1 1 1 1 1 1 1 1 1 1 1 1 1 1 1 1 1 1 1 1 2 2 2 2 2 2 2 2
2 2 1 1 1 1 1 1 1 1 1 1 1 1 1 1 1 1 1 1 1 1 1 1 1 1 1 1 1 1 1 1 1 1 1
1 1 1 1 1 1 1 1 1 1 1 1 1 1 1 1 1 1 1 1 1 1 1 1 1 1 1 1 1 1 1 1 1 1 1
1 1 1 1 1 1 1 1 1 1 1 1 1 1 1 1 1 1 1 1 1 1 1 1 1 1 1 1 1 1 1 1 1 1 1
1 1 1 1 1 1 1 1 1 1 1 1 1 1 1 2 2 2 2 2 2 1 1 1 1 1 1 1 1 1 1 1 1 1 1
1 1 1 1 1 2 2 2 1 1 1 1 1 1 1 2 2 2 2 2 2 1 1 1 1 1 1 1 1 1 1 1 1 1 1
1 1 2 2 2 2 2 2 1 1 1 1 1 1 1 2 2 2 2 2 2 2 2 1 1 1 1 1 1 1 1 1 1 1 1
1 1 2 2 2 2 2 2 1 1 1 1 1 1 1 2 2 100 100 100 2 2 2 1 1 1 1 1 1 1 1 1 2 2 2
1 1 2 2 2 2 2 1 1 1 1 1 1 1 1 2 2 100 100 100 2 2 2 1 1 1 1 1 1 1 1 1 2 2 2
1 1 2 2 2 2 1 1 1 1 1 1 1 1 1 2 2 2 100 100 2 2 2 1 1 1 1 1 1 1 1 2 2 2 2
1 1 2 2 1 1 1 1 1 1 1 1 1 1 1 2 2 2 2 2 2 2 2 1 1 1 1 1 1 1 2 2 2 2 1
1 1 1 1 1 1 1 1 1 1 1 1 1 1 1 1 2 2 2 2 2 2 2 1 1 1 1 1 2 2 2 100 100 2 1
1 1 1 1 1 1 1 1 1 1 1 1 1 1 1 1 1 2 2 2 2 2 1 1 1 1 1 2 2 2 2 100 100 2 1
1 1 1 1 1 1 1 1 1 1 1 1 1 1 1 1 1 1 1 1 1 1 1 1 1 1 1 2 2 2 2 100 100 2 1
1 1 1 1 1 1 1 1 1 2 2 1 1 1 1 1 1 1 1 1 1 1 1 1 1 1 1 2 2 2 100 100 2 2 1
1 1 1 1 1 1 1 1 1 2 2 1 1 1 1 1 1 1 1 1 1 1 1 1 1 1 1 2 2 2 100 100 2 1 1
1 1 1 1 1 1 1 2 2 2 2 2 2 1 1 1 1 1 1 1 1 1 1 1 1 1 2 2 2 100 100 2 2 1 1
1 1 1 1 1 1 1 2 2 2 2 2 2 1 1 1 1 1 1 1 1 1 1 1 1 1 2 2 2 100 100 2 1 1 1
1 1 1 1 1 1 1 2 2 2 2 2 2 1 1 1 1 1 1 1 1 1 1 1 1 2 2 2 100 100 100 2 1 1 1
1 1 1 1 1 1 1 1 1 2 2 1 1 1 1 1 1 1 1 1 1 2 2 2 2 2 2 100 100 100 2 2 1 1 1
1 1 1 1 1 1 1 1 1 2 2 1 1 1 1 1 2 2 2 2 2 2 2 2 2 2 100 100 100 100 2 1 1 1 1
1 1 1 1 1 1 1 1 1 1 1 1 1 1 1 1 2 1 1 2 2 2 2 2 100 100 100 100 2 2 2 1 1 1 1
1 1 1 1 1 1 1 1 1 1 1 1 1 1 1 1 2 1 1 100 100 100 100 100 100 100 100 2 2 1 1 1 1 1 1
1 1 1 1 1 1 1 1 1 1 1 1 1 1 1 1 2 1 1 100 100 100 100 100 100 2 2 2 1 1 1 1 1 1 1
1 1 1 1 1 1 1 1 1 1 1 1 1 1 1 1 2 1 1 2 2 2 2 2 2 2 1 1 1 1 1 1 1 1 1
1 1 1 1 1 1 1 1 1 1 1 1 1 1 1 1 2 2 2 2 2 2 1 1 1 1 1 1 1 1 1 1 1 1 1
1 1 1 1 1 1 1 2 2 2 2 2 2 2 1 1 2 2 2 2 2 1 1 1 1 1 1 1 1 1 2 2 2 2 2
1 1 1 1 1 1 1 2 2 2 2 2 2 2 2 2 2 2 2 2 2 1 1 1 1 1 1 1 1 1 2 2 2 2 2
1 1 1 1 1 2 2 2 2 100 100 100 100 2 2 2 2 2 2 2 2 1 1 1 1 1 1 1 1 1 2 2 2 2 2
1 1 1 1 1 2 2 2 2 100 100 100 100 100 100 3 3 3 2 2 2 2 1 1 1 1 1 1 2 2 2 2 2 2 2
2 2 1 1 1 2 100 100 100 100 100 100 100 100 100 3 3 3 2 2 2 2 2 2 2 2 1 1 2 2 2 100 100 100 100
2 2 2 2 2 2 100 100 100 100 100 100 100 100 100 3 3 2 2 2 2 2 2 2 2 2 2 2 2 2 2 100 100 100 100
100 100 100 100 100 100 100 100 100 100 100 100 100 100 100 3 3 2 2 2 2 2 2 2 2 2 2 2 2 100 100 100 100 100 100
100 100 100 100 100 100 100 100 100 100 100 100 100 100 100 3 3 2 2 2 100 100 100 100 100 100 100 100 100 100 100 100 100 100 100
17 39
1 1
